Page 1

 TxtColor: 0 0 0.6

 CoordReference:  40, 750  61, 64
                  550, 50  841, 1134	110-dpi
 no_zero_entries

 Your1stName: 	 89 138
 YourLastName: 	370 138
 YourSocSec#: 	730 138 0 6.5
 Spouse1stName:  89 193
 SpouseLastName: 370 193
 SpouseSocSec#: 730 193 0 6.5
 Number&Street:  89 270
 Apt#: 		642 270
 TownStateZip: 	 89 304

 CkSingle 146 105
 CkMFJ    212 105
 CkMFS    334 105
 CkHH     477 105
 CkQW     597 105

 CkYouOver65	432 160
 CkYouBlind	660 160
 CkSpouseOver65	465 216
 CkSpouseBlind	 58 234

Page 2

 L1	767  70	12
 L2a	406  87	12
 L2b	767  87	12
 L3a	406 106	12
 L3b	767 106 12

 L4a	406 125	12
 L4b	767 125 12
 L5a	406 142	12
 L5b	767 142 12
 S1_22  509 161
 L6	767 161 12
 L7	767 188 12
 L8	767 205 12
 L9	767 224 12
 L10	767 243 12
 L11a	254 263
 L11	767 280 12
 L12	767 297 12
 showevenifzero L13
 L13	767 315 12
 L14	767 334 12
 L15	767 352 12
 L16	767 370 12
 S5_75	347 409
 L17    767 406 12
 L18	767 426 12
 L19	767 445 12
 L20a	767 463 12
 L21	591 519 12
 L22	767 536 12
 L23	591 555 12



Page 3
 YourNames: 	 92 155
 YourSocSec#:	745 155
 no_zero_entries
 S1_10	778 196 12
 S1_11	778 214 12
 S1_12	778 233 12
 S1_13	778 253 12
 S1_14	778 271 12
 S1_17	778 325 12
 S1_18	778 345 12
 S1_19	778 362 12
 S1_21	778 400 12
 S1_22	778 435 12
 S1_23	614 454 12
 S1_24	614 492 12
 S1_25	614 509 12
 S1_26	614 546 12
 S1_27	614 565 12
 S1_28	614 583 12
 S1_29	614 601 12
 S1_30	614 620 12
 S1_31a	614 638 12
 S1_32	614 657 12
 S1_33	614 675 12
 S1_36	778 730 12



Page 4
 YourNames: 	 92 155
 YourSocSec#:	745 155
 no_zero_entries
 S2_45	778 196 12
 S2_46	778 217 12
 S2_47	778 252 12


Page 5
 YourNames: 	 92 155
 YourSocSec#:	745 155

S3_48	778 179 12
S3_49	778 196 12
S3_50	778 217 12
S3_51	778 235 12
S3_53	778 272 12
S3_54	778 290 12
S3_55	778 308 12


Page 6
 YourNames: 	 92 155
 YourSocSec#:	745 155

S4_57	767 179 12
S4_58	767 198 12
S4_59	767 232 12
S4_60a	767 250 12
S4_60b	767 288 12
S4_61	767 308 12
S4_62	767 340 12
S4_63	591 380 12
S4_64	767 416 12



Page 7
 YourNames: 	 92 155
 YourSocSec#:	745 155

S5_66	778 196 12
S5_70	778 272 12
S5_71	778 290 12
S5_72	778 308 12
S5_73	778 327 12
S5_74	778 344 12
S5_75	778 379 12


Page 8
 YourNames: 	 92 156
 YourSocSec#:	740 156
 A1	624 200 12
 A2	471 217 12
 A3	624 235 12
 A4	780 252 12
 A5a	624 345 12
 A5b	624 363 12
 A5c	624 382 12
 A5d	624 400 12
 A5e	624 436 12
 A6	624 474 12
 A7	780 491 12
 A8a	624 583 12
 A8b	624 675 12
 A8c	624 712 12
 A8e	624 748 12
 A9	624 785 12
 A10	780 803 12
 A11	624 840 12
 A12	624 877 12
 A13	624 895 12
 A14	780 912 12
 A15	780 967 12
 A16	780 1022 12
 A17	780 1060 12

Page 9
 YourNames: 	 92 156
 YourSocSec#:	746 156

 B1_1_Text:	223 234
 B1_2_Text:	223 252
 B1_3_Text: 	223 270
 B1_4_Text: 	223 288
 B1_5_Text: 	223 305
 B1_6_Text: 	223 324
 B1_7_Text: 	223 342
 B1_8_Text:   	223 360
 B1_9_Text:	223 379
 B1_10_Text: 	223 397
 B1_11_Text: 	223 415
 B1_12_Text: 	223 432
 B1_13_Text: 	223 451
 B1_14_Text: 	223 470

 B1_1		779 234 12
 B1_2     	779 252 12
 B1_3    	779 270 12
 B1_4    	779 288 12
 B1_5    	779 305 12
 B1_6    	779 324 12
 B1_7    	779 342 12
 B1_8	   	779 360 12
 B1_9     	779 379 12
 B1_10    	779 397 12
 B1_11    	779 415 12
 B1_12    	779 433 12
 B1_13    	779 451 12
 B1_14    	779 470 12
 B2		779 490 12
 B3		779 525 12
 B4		779 545 12

 B5_1_Text: 	326 582
 B5_2_Text: 	223 602
 B5_3_Text: 	223 620
 B5_4_Text: 	223 638
 B5_5_Text: 	223 656
 B5_6_Text: 	223 675
 B5_7_Text: 	223 692
 B5_8_Text: 	223 710
 B5_9_Text: 	223 728
 B5_10_Text: 	223 747
 B5_11_Text: 	223 765
 B5_12_Text: 	223 783
 B5_13_Text: 	223 800
 B5_14_Text: 	223 820
 B5_15_Text: 	223 837
 B5_16_Text: 	223 855

 B5_1		779 582 12
 B5_2		779 602 12
 B5_3		779 620 12
 B5_4		779 638 12
 B5_5		779 656 12
 B5_6		779 675 12
 B5_7		779 692 12
 B5_8		779 710 12
 B5_9		779 728 12
 B5_10		779 747 12
 B5_11		779 765 12
 B5_12		779 783 12
 B5_13		779 800 12
 B5_14		779 820 12
 B5_15		779 837 12
 B5_16		779 855 12
 B6		779 876 12

Optional_Page 10

 YourNames: 	135 142
 YourSocSec#:	492 142

 TxtColor: 0 0 0
 FontSz 16
 SchedB_Additional_form: 200 180
 FontSz 10
 TxtColor: 0 0 0.6

 Baddi_1_Text:	139 244
 Baddi_2_Text:	139 271
 Baddi_3_Text:	139 299
 Baddi_4_Text:	139 326
 Baddi_5_Text:	139 353
 Baddi_6_Text:	139 381
 Baddi_7_Text:	139 408
 Baddi_8_Text:	139 436
 Baddi_9_Text:	139 463
 Baddi_10_Text:	139 490
 Baddi_11_Text:	139 518
 Baddi_12_Text:	139 545
 Baddi_13_Text:	139 572
 Baddi_14_Text:	139 600
 Baddi_15_Text:	139 627
 Baddi_16_Text:	139 654
 Baddi_17_Text:	139 682
 Baddi_18_Text:	139 709
 Baddi_19_Text:	139 736
 Baddi_20_Text:	139 764
 Baddi_21_Text:	139 791
 Baddi_22_Text:	139 818
 Baddi_23_Text:	139 846
 Baddi_24_Text:	139 873
 Baddi_25_Text:	139 901
 Baddi_26_Text:	139 928
 Baddi_27_Text:	139 955
 Baddi_28_Text:	139 983
 Baddi_29_Text: 139 1010

 Baddi_1	650 244 12
 Baddi_2	650 271 12
 Baddi_3     650 299 12
 Baddi_4     650 326 12
 Baddi_5     650 353 12
 Baddi_6     650 381 12
 Baddi_7     650 408 12
 Baddi_8     650 436 12
 Baddi_9     650 463 12
 Baddi_10    650 490 12
 Baddi_11    650 518 12
 Baddi_12    650 545 12
 Baddi_13    650 572 12
 Baddi_14    650 600 12
 Baddi_15    650 627 12
 Baddi_16    650 654 12
 Baddi_17    650 682 12
 Baddi_18    650 709 12
 Baddi_19    650 736 12
 Baddi_20    650 764 12
 Baddi_21    650 791 12
 Baddi_22    650 818 12
 Baddi_23    650 846 12
 Baddi_24    650 873 12
 Baddi_25    650 901 12
 Baddi_26    650 928 12
 Baddi_27    650 955 12
 Baddi_28    650 983 12
 Baddi_29    	650 1010 12

 Btotal		650 1036 12


Optional_Page 11
 YourNames: 	 92 174
 YourSocSec#:	736 174

 no_zero_entries
 D1ad 	443 351 12
 D1ae 	551 351 12
 D1ah 	761 351 12
 D1bd 	443 404 12
 D1be 	551 404 12
 D1bg 	652 404 12
 D1bh 	761 404 12
 D2d 	443 440 12
 D2e 	551 440 12
 D2g 	652 440 12
 D2h 	761 440 12
 D3d 	443 478 12
 D3e 	551 478 12
 D3g 	652 478 12
 D3h 	761 478 12
 D4	761 518 12
 D5	761 558 12
 D6	761 600 12
 D7	761 635 12
 D8ad	443 792 12
 D8ae	551 792 12
 D8ah	761 792 12
 D8bd	443 868 12
 D8be	551 868 12
 D8bg	652 868 12
 D8bh	761 868 12
 D9d	443 903 12
 D9e	551 903 12
 D9g	652 903 12
 D9h	761 903 12
 D10d	443 940 12
 D10e	551 940 12
 D10g	652 940 12
 D10h	761 940 12
 D11	761 984 12 
 D12	761 1021 12 
 D13	761 1058 12 
 D14	761 1096 12 
 D15	761 1130 12 


Optional_Page 12
 no_zero_entries
 D16	751 138 12
 CkD17y 104 324
 CkD17n 104 343
 D18	751 398 12
 D19	751 454 12
 CkD20y 104 508
 CkD20n 104 581
 D21	751 710 12
 CkD22y 104 838
 CkD22n 104 894


Optional_Page 13

 YourNames: 	90 159
 YourSocSec#:	580 157

 F8949_ckA	78 378
 F8949_ckB	78 398
 F8949_ckC	78 416

 FontSz 8
 F8949_1aa:	 70 565
 F8949_1ab:	268 565 10
 F8949_1ac:	347 565 10
 F8949_1ad	432 565 12
 F8949_1ae	528 565 12
 F8949_1ah	790 565 12

 F8949_1ba:	 70 600
 F8949_1bb:	268 600 10
 F8949_1bc:	347 600 10
 F8949_1bd	432 600 12
 F8949_1be	528 600 12
 F8949_1bh	790 600 12

 F8949_1ca:	 70  636
 F8949_1cb:	268 636 10
 F8949_1cc:	347 636 10
 F8949_1cd	432 636 12
 F8949_1ce	528 636 12
 F8949_1ch	790 636 12

 F8949_1da:	 70 673
 F8949_1db:	268 673 10
 F8949_1dc:	347 673 10
 F8949_1dd	432 673 12
 F8949_1de	528 673 12
 F8949_1dh	790 673 12

 F8949_1ea:	 70 711
 F8949_1eb:	268 711 10
 F8949_1ec:	347 711 10
 F8949_1ed	432 711 12
 F8949_1ee	528 711 12
 F8949_1eh	790 711 12

 F8949_1fa:	 70 747
 F8949_1fb:	268 747 10
 F8949_1fc:	347 747 10
 F8949_1fd	432 747 12
 F8949_1fe	528 747 12
 F8949_1fh	790 747 12

 F8949_1ga:	 70 784
 F8949_1gb:	268 784 10
 F8949_1gc:	347 784 10
 F8949_1gd	432 784 12
 F8949_1ge	528 784 12
 F8949_1gh	790 784 12

 F8949_1ha:	 70 821
 F8949_1hb:	268 821 10
 F8949_1hc:	347 821 10
 F8949_1hd	432 821 12
 F8949_1he	528 821 12
 F8949_1hh	790 821 12

 F8949_1ia:	 70 856
 F8949_1ib:	268 856 10
 F8949_1ic:	347 856 10
 F8949_1id	432 856 12
 F8949_1ie	528 856 12
 F8949_1ih	790 856 12

 F8949_1ja:	 70 893
 F8949_1jb:	268 893 10
 F8949_1jc:	347 893 10
 F8949_1jd	432 893 12
 F8949_1je	528 893 12
 F8949_1jh	790 893 12

 F8949_1ka:	 70 930
 F8949_1kb:	268 930 10
 F8949_1kc:	347 930 10
 F8949_1kd	432 930 12
 F8949_1ke	528 930 12
 F8949_1kh	790 930 12

 F8949_1la:	 70 966
 F8949_1lb:	268 966 10
 F8949_1lc:	347 966 10
 F8949_1ld	432 966 12
 F8949_1le	528 966 12
 F8949_1lh	790 966 12

 F8949_1ma:	 70 1004
 F8949_1mb:	268 1004 10
 F8949_1mc:	347 1004 10
 F8949_1md	432 1004 12
 F8949_1me	528 1004 12
 F8949_1mh	790 1004 12

 F8949_1na:	 70 1040
 F8949_1nb:	268 1040 10
 F8949_1nc:	347 1040 10
 F8949_1nd	432 1040 12
 F8949_1ne	528 1040 12
 F8949_1nh	790 1040 12

 F8949_2d	432 1090 12
 F8949_2e	528 1090 12
 F8949_2h	790 1090 12
 FontSz 10


Optional_Page 14

 YourNames: 	 90 102
 YourSocSec#:	580 102

 F8949_ckD	78 325
 F8949_ckE	78 343
 F8949_ckF	78 361

 FontSz 8
 F8949_1aa:	 70 504
 F8949_1ab:	268 504 10
 F8949_1ac:	347 504 10
 F8949_1ad	432 504 12
 F8949_1ae	528 504 12
 F8949_1ah	790 504 12

 F8949_1ba:	 70 540
 F8949_1bb:	268 540 10
 F8949_1bc:	347 540 10
 F8949_1bd	432 540 12
 F8949_1be	528 540 12
 F8949_1bh	790 540 12

 F8949_1ca:	 70 576
 F8949_1cb:	268 576 10
 F8949_1cc:	347 576 10
 F8949_1cd	432 576 12
 F8949_1ce	528 576 12
 F8949_1ch	790 576 12

 F8949_1da:	 70 614
 F8949_1db:	268 614 10
 F8949_1dc:	347 614 10
 F8949_1dd	432 614 12
 F8949_1de	528 614 12
 F8949_1dh	790 614 12

 F8949_1ea:	 70 650
 F8949_1eb:	268 650 10
 F8949_1ec:	347 650 10
 F8949_1ed	432 650 12
 F8949_1ee	528 650 12
 F8949_1eh	790 650 12

 F8949_1fa:	 70 686
 F8949_1fb:	268 686 10
 F8949_1fc:	347 686 10
 F8949_1fd	432 686 12
 F8949_1fe	528 686 12
 F8949_1fh	790 686 12

 F8949_1ga:	 70 722
 F8949_1gb:	268 722 10
 F8949_1gc:	347 722 10
 F8949_1gd	432 722 12
 F8949_1ge	528 722 12
 F8949_1gh	790 722 12

 F8949_1ha:	 70 759
 F8949_1hb:	268 759 10
 F8949_1hc:	347 759 10
 F8949_1hd	432 759 12
 F8949_1he	528 759 12
 F8949_1hh	790 759 12

 F8949_1ia:	 70 796
 F8949_1ib:	268 796 10
 F8949_1ic:	347 796 10
 F8949_1id	432 796 12
 F8949_1ie	528 796 12
 F8949_1ih	790 796 12

 F8949_1ja:	 70 832
 F8949_1jb:	268 832 10
 F8949_1jc:	347 832 10
 F8949_1jd	432 832 12
 F8949_1je	528 832 12
 F8949_1jh	790 832 12

 F8949_1ka:	 70 868
 F8949_1kb:	268 868 10
 F8949_1kc:	347 868 10
 F8949_1kd	432 868 12
 F8949_1ke	528 868 12
 F8949_1kh	790 868 12

 F8949_1la:	 70 905
 F8949_1lb:	268 905 10
 F8949_1lc:	347 905 10
 F8949_1ld	432 905 12
 F8949_1le	528 905 12
 F8949_1lh	790 905 12

 F8949_1ma:	 70 943
 F8949_1mb:	268 943 10
 F8949_1mc:	347 943 10
 F8949_1md	432 943 12
 F8949_1me	528 943 12
 F8949_1mh	790 943 12

 F8949_1na:	 70 982
 F8949_1nb:	268 982 10
 F8949_1nc:	347 982 10
 F8949_1nd	432 982 12
 F8949_1ne	528 982 12
 F8949_1nh	790 982 12

 F8949_2d	432 1034 12
 F8949_2e	528 1034 12
 F8949_2h	790 1034 12
 FontSz 10




Optional_Page 15
 YourNames: 	 92 155
 YourSocSec#:	736 155

 AMT_Form_6251_L1     767 235 12

 AMT_Form_6251_L2a    767 271 12
 AMT_Form_6251_L2b    767 290 12
 AMT_Form_6251_L2c    767 307 12
 AMT_Form_6251_L2d    767 327 12
 AMT_Form_6251_L2e    767 346 12
 AMT_Form_6251_L2f    767 363 12
 AMT_Form_6251_L2g    767 381 12
 AMT_Form_6251_L2h    767 400 12
 AMT_Form_6251_L2i    767 418 12
 AMT_Form_6251_L2j    767 435 12
 AMT_Form_6251_L2k    767 455 12
 AMT_Form_6251_L2l    767 472 12
 AMT_Form_6251_L2m    767 490 12
 AMT_Form_6251_L2n    767 510 12
 AMT_Form_6251_L2o    767 528 12
 AMT_Form_6251_L2p    767 545 12
 AMT_Form_6251_L2q    767 564 12
 AMT_Form_6251_L2r    767 583 12
 AMT_Form_6251_L2s    767 602 12
 AMT_Form_6251_L2t    767 620 12

 AMT_Form_6251_L3     767 639 12
 AMT_Form_6251_L4     767 674 12
 AMT_Form_6251_L5     767 785 12
 showevenifzero AMT_Form_6251_L6
 AMT_Form_6251_L6     767 839 12
 AMT_Form_6251_L7     767 913 12
 AMT_Form_6251_L8     767 1005 12
 AMT_Form_6251_L9     767 1023 12
 AMT_Form_6251_L10    767 1096 12
 showevenifzero AMT_Form_6251_L11
 AMT_Form_6251_L11    767 1115 12

Optional_Page 16

 AMT_Form_6251_L12    767 1412 12
 AMT_Form_6251_L13    767 1430 12
 AMT_Form_6251_L14    767 1447 12
 AMT_Form_6251_L15    767 1465 12
 AMT_Form_6251_L16    767 1483 12
 AMT_Form_6251_L17    767 1501 12
 AMT_Form_6251_L18    767 1519 12
 AMT_Form_6251_L19    767 1537 12
 AMT_Form_6251_L20    767 1554 12
 AMT_Form_6251_L21    767 1572 12
 AMT_Form_6251_L22    767 1590 12
 AMT_Form_6251_L23    767 1608 12
 AMT_Form_6251_L24    767 1626 12
 AMT_Form_6251_L25    767 1643 12
 AMT_Form_6251_L26    767 1661 12
 AMT_Form_6251_L27	767 679 12
 AMT_Form_6251_L28	767 714 12
 AMT_Form_6251_L29	767 821 12
 AMT_Form_6251_L30	767 874 12
 AMT_Form_6251_L31	767 927 12
 AMT_Form_6251_L32	767 999 12
 AMT_Form_6251_L33	767 1017 12
 AMT_Form_6251_L34	767 1070 12
 AMT_Form_6251_L35	767 1088 12


 AMT_Form_6251_L36 758 132 12
 AMT_Form_6251_L37 758 204 12
 AMT_Form_6251_L38 758 239 12
 AMT_Form_6251_L39 758 311 12
 AMT_Form_6251_L40 758 330 12
 AMT_Form_6251_L41 758 348 12
 AMT_Form_6251_L42 758 383 12
 AMT_Form_6251_L43 758 436 12
 showevenifzero AMT_Form_6251_L44
 AMT_Form_6251_L44 758 540 12
 showevenifzero AMT_Form_6251_L45
 AMT_Form_6251_L45 758 560 12
 AMT_Form_6251_L46 758 577 12
 AMT_Form_6251_L47 758 595 12
 AMT_Form_6251_L48 758 614 12
 AMT_Form_6251_L49 758 666 12
 showevenifzero AMT_Form_6251_L50
 AMT_Form_6251_L50 758 719 12
 showevenifzero AMT_Form_6251_L51
 AMT_Form_6251_L51 758 807 12
 AMT_Form_6251_L52 758 825 12
 showevenifzero AMT_Form_6251_L53
 AMT_Form_6251_L53 758 843 12
 AMT_Form_6251_L54 758 861 12
 AMT_Form_6251_L55 758 878 12
 AMT_Form_6251_L56 758 896 12
 AMT_Form_6251_L57 758 931 12
 AMT_Form_6251_L58 758 948 12
 AMT_Form_6251_L59 758 984 12
 AMT_Form_6251_L60 758 1003 12
 AMT_Form_6251_L61 758 1019 12
 AMT_Form_6251_L62 758 1037 12
 AMT_Form_6251_L63 758 1073 12
 AMT_Form_6251_L64 758 1107 12




