Page 1

 TxtColor: 0 0 0.6

 CoordReference:  40, 750  61, 64
                  550, 50  841, 1134	110-dpi

 Your1stName: 	 99 135
 YourLastName: 	350 135
 YourSocSec#: 	722 135 0 6.5
 Spouse1stName:  99 170
 SpouseLastName: 350 170
 SpouseSocSec#: 722 170 0 6.5
 Number&Street:  99 206
 Apt#: 		642 206
 TownStateZip: 	 99 240

 CkSingle 217 296
 CkMFJ    218 312
 CkMFS    218 331
 CkHH     554 295
 CkQW     554 347
 CkYourself 228 365
 CkSpouse   228 382

 L6ab   845 374
 L6	845 500
 
 L7 	754 523 12
 L8a	754 542 12
 L8b	588 558 12
 L9	754 575 12
 L9b	588 592 12
 L10	754 612 12
 L11	754 629 12
 L12	754 647 12
 L13	754 664 12
 L14	754 681 12
 L15a	409 699 12
 L15	754 699 12
 L16a	409 717 12
 L16b	754 716 12
 L17	754 734 12
 L18	754 751 12
 L19	754 770 12
 L20a	409 786 12
 L20b	754 787 12
 L21	754 805 12
 L22	754 822 12
 L23 	588 839 12
 L24 	588 874 12
 L25 	588 891 12
 L26 	588 909 12
 L27 	588 926 12
 L28 	588 944 12
 L29 	588 961 12
 L30 	588 979 12
 L31 	588 996 12
 L32 	588 1014 12
 L33 	588 1031 12
 L35 	588 1066 12
 L36	754 1082 12
 L37	754 1101 12
	

Page 2

 L38	754  74 12
 L39a	674 102
 L40	754 143 12
 L41	754 160 12
 L42	754 178 12
 L43	754 195 12
 L44	754 213 12
 L45	754 230 12
 L46	754 248 12
 L47	754 265 12
 L48	586 284 12
 L48	586 284 12
 L49	586 302 12
 L50	586 319 12
 L51	586 337 12
 L52	586 354 12
 L53	586 372 12
 L54	586 389 12

 L55	754 406 12
 L56    754 423 12
 L57    754 441 12
 L58    754 458 12
 L59    754 476 12
 L60a    754 493 12
 L60b    754 510 12
 L61    754 528 12
 L62    754 546 12
 L63	754 563 12

 L64	586 581 12
 L65    586 599 12
 L66a   586 616 12
 L66b   420 634 12
 L67    586 651 12
 L68    586 669 12
 L69    586 686 12
 L70    586 704 12
 L71    586 721 12
 L72    586 739 12
 L73	586 756 12

 L74	754 773 12
 L75	754 791 12
 L76a	754 808 12

 L78	754 878 12


Page 3
 YourNames: 	 92 151
 YourSocSec#:	736 151
 A1	612 189 12
 A2	464 208 12
 A3	612 225 12
 A4	762 242 12
 A5	612 278 12
 A6	612 312 12
 A7	612 332 12
 A8	612 367 12
 A9	762 385 12
 A10	612 402 12
 A11	612 492 12
 A12	612 526 12
 A14	612 562 12

 A15	612 579 12

 A16	612 615 12
 A17	612 649 12
 A18	612 668 12

 A19	762 685 12
 A20	762 722 12

 A21	612 774 12
 A22	612 793 12
 A23	612 846 12
 A24	612 864 12
 A25	464 881 12
 A26	612 899 12

 A27	762 916 12
 A28	762 970 12
 A29	762 1022 12
 CkDedNotLim 184 1004
 CkDedMayLim 184 1040

Page 4
 YourNames: 	 92 151
 YourSocSec#:	736 151

 B1_1_Text:	253 224
 B1_2_Text:	253 242
 B1_3_Text: 	253 260
 B1_4_Text: 	253 278
 B1_5_Text: 	253 295
 B1_6_Text: 	253 313
 B1_7_Text: 	253 331
 B1_8_Text:   	253 349
 B1_9_Text:	253 367
 B1_10_Text: 	253 385
 B1_11_Text: 	253 403
 B1_12_Text: 	253 420
 B1_13_Text: 	253 438
 B1_14_Text: 	253 456

 B1_1		767 224 12
 B1_2     	767 242 12
 B1_3    	767 260 12
 B1_4    	767 278 12
 B1_5    	767 295 12
 B1_6    	767 313 12
 B1_7    	767 331 12
 B1_8	   	767 349 12
 B1_9     	767 367 12
 B1_10    	767 385 12
 B1_11    	767 403 12
 B1_12    	767 420 12
 B1_13    	767 438 12
 B1_14    	767 456 12
 B2		767 474 12
 B3		767 508 12
 B4		767 543 12

 B5_1_Text: 	328 579
 B5_2_Text: 	253 597
 B5_3_Text: 	253 614
 B5_4_Text: 	253 632
 B5_5_Text: 	253 649
 B5_6_Text: 	253 667
 B5_7_Text: 	253 685
 B5_8_Text: 	253 702
 B5_9_Text: 	253 720
 B5_10_Text: 	253 737
 B5_11_Text: 	253 755
 B5_12_Text: 	253 773
 B5_13_Text: 	253 790
 B5_14_Text: 	253 808
 B5_15_Text: 	253 825
 B5_16_Text: 	253 843

 B5_1		767 579 12
 B5_2		767 597 12
 B5_3		767 614 12
 B5_4		767 632 12
 B5_5		767 649 12
 B5_6		767 667 12
 B5_7		767 685 12
 B5_8		767 702 12
 B5_9		767 720 12
 B5_10		767 737 12
 B5_11		767 755 12
 B5_12		767 773 12
 B5_13		767 790 12
 B5_14		767 808 12
 B5_15		767 825 12
 B5_16		767 843 12
 B6		767 878 12

Optional_Page 5
 YourNames: 	 92 176
 YourSocSec#:	736 176

 no_zero_entries
 D1ad 	443 351 12
 D1ae 	551 351 12
 D1ah 	761 351 12
 D1bd 	443 402 12
 D1be 	551 402 12
 D1bg 	652 402 12
 D1bh 	761 402 12
 D2d 	443 435 12
 D2e 	551 435 12
 D2g 	652 435 12
 D2h 	761 435 12
 D3d 	443 476 12
 D3e 	551 476 12
 D3g 	652 476 12
 D3h 	761 476 12
 D4	761 514 12
 D5	761 549 12
 D6	761 587 12
 D7	761 622 12
 D8ad	443 788 12
 D8ae	551 788 12
 D8ah	761 788 12
 D8bd	443 848 12
 D8be	551 848 12
 D8bg	652 848 12
 D8bh	761 848 12
 D9d	443 885 12
 D9e	551 885 12
 D9g	652 885 12
 D9h	761 885 12
 D10d	443 919 12
 D10e	551 919 12
 D10g	652 919 12
 D10h	761 919 12
 D11	761 957 12 
 D12	761 991 12 
 D13	761 1028 12 
 D14	761 1064 12 
 D15	761 1101 12 
 allow_zero_entries

Optional_Page 6
 no_zero_entries
 D16	751 136 12
 CkD17y 114 314
 CkD17n 114 333
 D18	751 384 12
 D19	751 440 12
 CkD20y 114 494
 CkD20n 114 564
 D21	751 670 12
 CkD22y 114 795
 CkD22n 114 849
 allow_zero_entries

Optional_Page 7
 YourNames: 	 92 160
 YourSocSec#:	736 160
 no_zero_entries
 AMT_Form_6251_L1	755 216	12
 AMT_Form_6251_L3     755 252 12
 AMT_Form_6251_L4     755 269 12
 AMT_Form_6251_L5     755 287 12
 AMT_Form_6251_L6     755 305 12
 AMT_Form_6251_L7     755 323 12
 AMT_Form_6251_L8     755 341 12
 AMT_Form_6251_L9     755 358 12
 AMT_Form_6251_L10    755 376 12
 AMT_Form_6251_L11    755 394 12
 AMT_Form_6251_L12    755 412 12
 AMT_Form_6251_L13    755 430 12
 AMT_Form_6251_L14    755 447 12
 AMT_Form_6251_L15    755 465 12
 AMT_Form_6251_L16    755 483 12
 AMT_Form_6251_L17    755 501 12
 AMT_Form_6251_L18    755 519 12
 AMT_Form_6251_L19    755 537 12
 AMT_Form_6251_L20    755 554 12
 AMT_Form_6251_L21    755 572 12
 AMT_Form_6251_L22    755 590 12
 AMT_Form_6251_L23    755 608 12
 AMT_Form_6251_L24    755 626 12
 AMT_Form_6251_L25    755 643 12
 AMT_Form_6251_L26    755 661 12
 AMT_Form_6251_L27	755 679 12
 AMT_Form_6251_L28	755 714 12
 AMT_Form_6251_L29	755 821 12
 AMT_Form_6251_L30	755 874 12
 AMT_Form_6251_L31	755 927 12
 AMT_Form_6251_L32	755 999 12
 AMT_Form_6251_L33	755 1017 12
 AMT_Form_6251_L34	755 1070 12
 AMT_Form_6251_L35	755 1088 12
 allow_zero_entries


Optional_Page 8
 no_zero_entries
 AMT_Form_6251_L36 758 132 12
 AMT_Form_6251_L37 758 204 12
 AMT_Form_6251_L38 758 239 12
 AMT_Form_6251_L39 758 311 12
 AMT_Form_6251_L40 758 330 12
 AMT_Form_6251_L41 758 348 12
 AMT_Form_6251_L42 758 383 12
 AMT_Form_6251_L43 758 436 12
 AMT_Form_6251_L44 758 540 12
 AMT_Form_6251_L45 758 560 12
 AMT_Form_6251_L46 758 577 12
 AMT_Form_6251_L47 758 595 12
 AMT_Form_6251_L48 758 614 12
 AMT_Form_6251_L49 758 666 12
 AMT_Form_6251_L50 758 719 12
 AMT_Form_6251_L51 758 807 12
 AMT_Form_6251_L52 758 825 12
 AMT_Form_6251_L53 758 843 12
 AMT_Form_6251_L54 758 861 12
 AMT_Form_6251_L55 758 878 12
 AMT_Form_6251_L56 758 896 12
 AMT_Form_6251_L57 758 931 12
 AMT_Form_6251_L58 758 948 12
 AMT_Form_6251_L59 758 984 12
 AMT_Form_6251_L60 758 1003 12
 AMT_Form_6251_L61 758 1019 12
 AMT_Form_6251_L62 758 1037 12
 AMT_Form_6251_L63 758 1073 12
 AMT_Form_6251_L64 758 1107 12
 allow_zero_entries


Optional_Page 9
 YourNames: 	 92 154
 YourSocSec#:	610 154

 F8949_ckA	97 366
 F8949_ckB	98 385
 F8949_ckC	99 403

 FontSz 8
 F8949_1aa:	78 536
 F8949_1ab:	284 536 10
 F8949_1ac:	357 536 10
 F8949_1ad	432 536 12
 F8949_1ae	528 536 12
 F8949_1ah	779 536 12

 F8949_1ba:	78 571
 F8949_1bb:	284 571 10
 F8949_1bc:	357 571 10
 F8949_1bd	432 571 12
 F8949_1be	528 571 12
 F8949_1bh	779 571 12

 F8949_1ca:	78 606
 F8949_1cb:	284 606 10
 F8949_1cc:	357 606 10
 F8949_1cd	432 606 12
 F8949_1ce	528 606 12
 F8949_1ch	779 606 12

 F8949_1da:	78 642
 F8949_1db:	284 642 10
 F8949_1dc:	357 642 10
 F8949_1dd	432 642 12
 F8949_1de	528 642 12
 F8949_1dh	779 642 12

 F8949_1ea:	78 677
 F8949_1eb:	284 677 10
 F8949_1ec:	357 677 10
 F8949_1ed	432 677 12
 F8949_1ee	528 677 12
 F8949_1eh	779 677 12

 F8949_1fa:	78 712
 F8949_1fb:	284 712 10
 F8949_1fc:	357 712 10
 F8949_1fd	432 712 12
 F8949_1fe	528 712 12
 F8949_1fh	779 712 12

 F8949_1ga:	78 747
 F8949_1gb:	284 747 10
 F8949_1gc:	357 747 10
 F8949_1gd	432 747 12
 F8949_1ge	528 747 12
 F8949_1gh	779 747 12

 F8949_1ha:	78 783
 F8949_1hb:	284 783 10
 F8949_1hc:	357 783 10
 F8949_1hd	432 783 12
 F8949_1he	528 783 12
 F8949_1hh	779 783 12

 F8949_1ia:	78 818
 F8949_1ib:	284 818 10
 F8949_1ic:	357 818 10
 F8949_1id	432 818 12
 F8949_1ie	528 818 12
 F8949_1ih	779 818 12

 F8949_1ja:	78 853
 F8949_1jb:	284 853 10
 F8949_1jc:	357 853 10
 F8949_1jd	432 853 12
 F8949_1je	528 853 12
 F8949_1jh	779 853 12

 F8949_1ka:	78 888
 F8949_1kb:	284 888 10
 F8949_1kc:	357 888 10
 F8949_1kd	432 888 12
 F8949_1ke	528 888 12
 F8949_1kh	779 888 12

 F8949_1la:	78 924
 F8949_1lb:	284 924 10
 F8949_1lc:	357 924 10
 F8949_1ld	432 924 12
 F8949_1le	528 924 12
 F8949_1lh	779 924 12

 F8949_1ma:	78 959
 F8949_1mb:	284 959 10
 F8949_1mc:	357 959 10
 F8949_1md	432 959 12
 F8949_1me	528 959 12
 F8949_1mh	779 959 12

 F8949_1na:	78 994
 F8949_1nb:	284 994 10
 F8949_1nc:	357 994 10
 F8949_1nd	432 994 12
 F8949_1ne	528 994 12
 F8949_1nh	779 994 12

 F8949_2d	432 1056 12
 F8949_2e	528 1056 12
 F8949_2h	779 1056 12
 FontSz 10


Optional_Page 10
 YourNames: 	 92 110
 YourSocSec#:	610 110

 F8949_ckD	91 325
 F8949_ckE	91 343
 F8949_ckF	91 361

 FontSz 8
 F8949_1aa:	78 504
 F8949_1ab:	283 504 10
 F8949_1ac:	357 504 10
 F8949_1ad	432 504 12
 F8949_1ae	528 504 12
 F8949_1ah	779 504 12

 F8949_1ba:	78 539
 F8949_1bb:	283 539 10
 F8949_1bc:	357 539 10
 F8949_1bd	432 539 12
 F8949_1be	528 539 12
 F8949_1bh	779 539 12

 F8949_1ca:	78 574
 F8949_1cb:	283 574 10
 F8949_1cc:	357 574 10
 F8949_1cd	432 574 12
 F8949_1ce	528 574 12
 F8949_1ch	779 574 12

 F8949_1da:	78 610
 F8949_1db:	283 610 10
 F8949_1dc:	357 610 10
 F8949_1dd	432 610 12
 F8949_1de	528 610 12
 F8949_1dh	779 610 12

 F8949_1ea:	78 645
 F8949_1eb:	283 645 10
 F8949_1ec:	357 645 10
 F8949_1ed	432 645 12
 F8949_1ee	528 645 12
 F8949_1eh	779 645 12

 F8949_1fa:	78 680
 F8949_1fb:	283 680 10
 F8949_1fc:	357 680 10
 F8949_1fd	432 680 12
 F8949_1fe	528 680 12
 F8949_1fh	779 680 12

 F8949_1ga:	78 715
 F8949_1gb:	283 715 10
 F8949_1gc:	357 715 10
 F8949_1gd	432 715 12
 F8949_1ge	528 715 12
 F8949_1gh	779 715 12

 F8949_1ha:	78 751
 F8949_1hb:	283 751 10
 F8949_1hc:	357 751 10
 F8949_1hd	432 751 12
 F8949_1he	528 751 12
 F8949_1hh	779 751 12

 F8949_1ia:	78 786
 F8949_1ib:	283 786 10
 F8949_1ic:	357 786 10
 F8949_1id	432 786 12
 F8949_1ie	528 786 12
 F8949_1ih	779 786 12

 F8949_1ja:	78 821
 F8949_1jb:	283 821 10
 F8949_1jc:	357 821 10
 F8949_1jd	432 821 12
 F8949_1je	528 821 12
 F8949_1jh	779 821 12

 F8949_1ka:	78 856
 F8949_1kb:	283 856 10
 F8949_1kc:	357 856 10
 F8949_1kd	432 856 12
 F8949_1ke	528 856 12
 F8949_1kh	779 856 12

 F8949_1la:	78 892
 F8949_1lb:	283 892 10
 F8949_1lc:	357 892 10
 F8949_1ld	432 892 12
 F8949_1le	528 892 12
 F8949_1lh	779 892 12

 F8949_1ma:	78 927
 F8949_1mb:	283 927 10
 F8949_1mc:	357 927 10
 F8949_1md	432 927 12
 F8949_1me	528 927 12
 F8949_1mh	779 927 12

 F8949_1na:	78 962
 F8949_1nb:	283 962 10
 F8949_1nc:	357 962 10
 F8949_1nd	432 962 12
 F8949_1ne	528 962 12
 F8949_1nh	779 962 12

 F8949_2d	432 1024 12
 F8949_2e	528 1024 12
 F8949_2h	779 1024 12
 FontSz 10


Optional_Page 11

 YourNames: 	133 144
 YourSocSec#:	501 144

 TxtColor: 0 0 0
 FontSz 16
 SchedB_Additional_form: 200 180
 FontSz 10
 TxtColor: 0 0 0.6

 Baddi_1_Text:	139 244
 Baddi_2_Text:	139 271
 Baddi_3_Text:	139 299
 Baddi_4_Text:	139 326
 Baddi_5_Text:	139 353
 Baddi_6_Text:	139 381
 Baddi_7_Text:	139 408
 Baddi_8_Text:	139 436
 Baddi_9_Text:	139 463
 Baddi_10_Text:	139 490
 Baddi_11_Text:	139 518
 Baddi_12_Text:	139 545
 Baddi_13_Text:	139 572
 Baddi_14_Text:	139 600
 Baddi_15_Text:	139 627
 Baddi_16_Text:	139 654
 Baddi_17_Text:	139 682
 Baddi_18_Text:	139 709
 Baddi_19_Text:	139 736
 Baddi_20_Text:	139 764
 Baddi_21_Text:	139 791
 Baddi_22_Text:	139 818
 Baddi_23_Text:	139 846
 Baddi_24_Text:	139 873
 Baddi_25_Text:	139 901
 Baddi_26_Text:	139 928
 Baddi_27_Text:	139 955
 Baddi_28_Text:	139 983
 Baddi_29_Text: 139 1010

 Baddi_1	650 244 12
 Baddi_2	650 271 12
 Baddi_3     650 299 12
 Baddi_4     650 326 12
 Baddi_5     650 353 12
 Baddi_6     650 381 12
 Baddi_7     650 408 12
 Baddi_8     650 436 12
 Baddi_9     650 463 12
 Baddi_10    650 490 12
 Baddi_11    650 518 12
 Baddi_12    650 545 12
 Baddi_13    650 572 12
 Baddi_14    650 600 12
 Baddi_15    650 627 12
 Baddi_16    650 654 12
 Baddi_17    650 682 12
 Baddi_18    650 709 12
 Baddi_19    650 736 12
 Baddi_20    650 764 12
 Baddi_21    650 791 12
 Baddi_22    650 818 12
 Baddi_23    650 846 12
 Baddi_24    650 873 12
 Baddi_25    650 901 12
 Baddi_26    650 928 12
 Baddi_27    650 955 12
 Baddi_28    650 983 12
 Baddi_29    	650 1010 12

 Btotal		650 1036 12


