Page 1

 TxtColor: 0 0 0.6

 CoordReference:  40, 750  61, 64
                  550, 50  841, 1134	110-dpi
 no_zero_entries

 Your1stName: 	 83 186
 YourLastName: 	370 186
 YourSocSec#: 	730 186 0 6.5
 Spouse1stName:  83 222
 SpouseLastName: 370 222
 SpouseSocSec#: 730 222 0 6.5
! CkHealthCoverage 721 217
 Number&Street:  83 258
 Apt#: 		642 259
 Town/City: 	 83 294
 State: 	 530 294
 ZipCode: 	 630 294

 CkSingle 146 113
 CkMFJ    213 113
 CkMFS    356 113
 CkHH     553 113
 CkQW     718 113

 ChkVirtYes 770 357
 ChkVirtNo  825 357
 ChkYouDep  277 380
 ChkSpouseDep  432 380
 ChkSpouseSep  146 400

 CkYouOver65	178 425
 CkYouBlind	399 425
 CkSpouseOver65	553 425
 CkSpouseBlind	773 425

Dep1_FirstName:	144 482
Dep1_LastName:	278 482
Dep2_FirstName:	144 501
Dep2_LastName:	278 501
Dep3_FirstName:	144 518 
Dep3_LastName:	278 518 
Dep4_FirstName:	144 536 
Dep4_LastName:	278 536 
Dep1_SocSec#:	410 482 0 8.7
Dep2_SocSec#:	410 501 0 8.7
Dep3_SocSec#:	410 518 0 8.7
Dep4_SocSec#:	410 536 0 8.7
Dep1_Relation: 544 482
Dep2_Relation: 544 501
Dep3_Relation: 544 518
Dep4_Relation: 544 536
CkDep1_ChildTxCrd:  692 480
CkDep1_CrdOtherDep: 813 480
CkDep2_ChildTxCrd:  692 500
CkDep2_CrdOtherDep: 813 500
CkDep3_ChildTxCrd:  692 517
CkDep3_CrdOtherDep: 813 517
CkDep4_ChildTxCrd:  692 535
CkDep4_CrdOtherDep: 813 535
CkMoreThan4Dep: 100 534

 L1	770 556	12
 L2a	388 574	12
 L2b	770 574	12
 L3a	388 592	12
 L3b	770 592 12
 L4a	388 611	12
 L4b	770 611 12
 L5a	388 629	12
 L5b	770 629 12
 L6a	388 647	12
 L6b	770 647 12

 L7	770 666 12
 L8	770 683 12
 L9	770 702 12
 L10	770 721 12
 L11	770 739 12
 L12a	634 756 12
 L12b	634 776 12
 L12c	770 794 12
 L13	770 813 12
 L14	770 831 12
 L15	770 849 12


Page 2

 L16	771 68 12
 L17	771 86 12
 L18	771 105 12
 L19	771 123 12
 L20	771 141 12
 L21	771 160 12
 showevenifzero L22
 L22	771 179 12
 L23    771 197 12
 L24    771 215 12

 L25a	626 253 12
 L25b	626 270 12
 L25c	626 290 12
 L25d	771 307 12
 L26	771 326 12
 L27a	626 345 12
 L27b	481 406 12
 L27c	481 426 12

 L28	626 445 12
 L29	626 463 12
 L30	626 481 12
 L31	626 499 12

 L32	771 517 12
 L33	771 537 12
 L34	771 555 12
 L35a	771 574 12
 L36	626 629 12
 L37	771 647 12
 L38	626 666 12

 ! Routing + Account Numbers
 L35b	267 591 0 14.5
  CkL21cChecking 577 592
  CkL21cSavings  664 592 
 CkL35cChecking 577 592
 CkL35cSavings  664 592 
 L35d	267 610 0 14.5

 Ck3rdPartyYes 626 699
 Ck3rdPartyNo  780 699

 YourOccupat:   509 800
 SpouseOccupat: 509 845


Page 3
 YourNames: 	 92 156
 YourSocSec#:	720 156
 no_zero_entries
 S1_1	778 215 12
 S1_2a	778 242 12
 S1_2b:	606 270 12
 S1_3	778 297 12
 S1_4	778 325 12
 S1_5	778 368 12
 S1_6	778 396 12
 S1_7	778 423 12
 S1_8a	633 481 12
 S1_8b	633 510 12
 S1_8c	633 537 12
 S1_8d	633 565 12
 S1_8e	633 592 12
 S1_8f	633 620 12
 S1_8g	633 647 12
 S1_8h	633 675 12
 S1_8i	633 702 12
 S1_8j	633 730 12
 S1_8k	633 793 12
 S1_8l	633 840 12
 S1_8m	633 868 12
 S1_8n	633 895 12
 S1_8o	633 923 12
 S1_8p	633 950 12
 S1_8z	633 994 12
 S1_8z_Type: 405 976
 S1_9	778 1023 12
 S1_10	778 1068 12

Page 4
 S1_11  776 123 12
 S1_12  776 169 12
 S1_13  776 199 12
 S1_14  776 227 12
 S1_15  776 254 12
 S1_16  776 282 12
 S1_17  776 309 12
 S1_18  776 336 12
 S1_19a  776 362 12

 AlimRecipSSN: 621 391 12
 DivorceSepDate: 612 418 12

 S1_20  776 446 12
 S1_21  776 474 12
 S1_23  776 528 12

 S1_24a  633 583 12
 S1_24b  633 628 12
 S1_24c  633 675 12
 S1_24d  633 702 12
 S1_24e  633 748 12
 S1_24f  633 776 12
 S1_24g  633 803 12
 S1_24h  633 849 12
 S1_24i  633 913 12
 S1_24j  633 941 12
 S1_24k  633 985 12
 S1_24z  633 1033 12
 S1_24z_Type:  110 1033

 S1_25  776 1060 12
 S1_26  776 1104 12


Page 5
 YourNames: 	 92 157
 YourSocSec#:	720 157
 no_zero_entries
 S2_1	778 214 12
 S2_2	778 241 12
 S2_3	778 270 12
 S2_4	778 325 12
 S2_5	633 371 12
 S2_6	633 416 12
 S2_7	778 444 12
 S2_8	778 473 12
 S2_9	778 500 12
 S2_10	778 527 12
 S2_11	778 553 12
 S2_12	778 582 12
 S2_13	778 628 12
 S2_14	778 674 12
 S2_15	778 719 12
 S2_16	778 747 12

Page 6
 S2_17a	633 169 12
 S2_17a_Type: 182 169
 S2_17b	633 216 12
 S2_17c	633 244 12
 S2_17d	633 290 12
 S2_17e	633 316 12
 S2_17f	633 361 12
 S2_17g	633 407 12
 S2_17h	633 453 12
 S2_17i	633 501 12
 S2_17j	633 527 12
 S2_17k	633 555 12
 S2_17l	633 582 12
 S2_17m	633 629 12
 S2_17n	633 674 12
 S2_17o	633 717 12
 S2_17p	633 764 12
 S2_17q	633 793 12
 S2_17z	633 836 12
 S2_17z_Type: 121 836 
 S2_18  775 866 12
 S2_19  775 894 12
 S2_20  633 921 12
 S2_21  775 966 12


Page 7
 YourNames: 	 92 157
 YourSocSec#:	720 157
 S3_1	778 215 12
 S3_2	778 260 12
 S3_3	778 289 12
 S3_4	778 316 12
 S3_5	778 344 12
 S3_6a	635 399 12
 S3_6b	635 427 12
 S3_6c	635 454 12
 S3_6d	635 482 12
 S3_6e	635 510 12
 S3_6f	635 537 12
 S3_6g	635 565 12
 S3_6h	635 592 12
 S3_6i	635 619 12
 S3_6j	635 647 12
 S3_6k	635 675 12
 S3_6l	635 702 12
 S3_6z	635 747 12
 S3_6z_Type: 110 747

 S3_7	778 774 12
 S3_8	778 820 12


Page 8
 S3_9	778 123 12
 S3_10	778 151 12
 S3_11	778 178 12
 S3_12	778 205 12
 S3_13a	633 260 12
 S3_13b	633 307 12
 S3_13c	633 335 12
 S3_13d	633 379 12
 S3_13f	633 435 12
 S3_13g	633 481 12
 S3_13h	633 527 12
 S3_13z	633 572 12
 OtherRefundCred 117 573
 S3_14	778 600 12
 S3_15	778 645 12


Page 9
 YourNames: 	 92 156
 YourSocSec#:	740 156
 A1	643 196 12
 A2	509 216 12
 A3	643 235 12
 A4	780 252 12
 A5a	643 345 12
 CheckBoxA5a 594 345
 A5b	643 362 12
 A5c	643 381 12
 A5d	643 398 12
 A5e	643 435 12
 A6	643 472 12
 A7	780 490 12
 A8a	643 583 12
 A8b	643 692 12
 A8c	643 729 12
 A8d	643 748 12
 A8e	643 767 12
 A9	643 785 12
 A10	780 802 12
 A11	643 840 12
 A12	643 877 12
 A13	643 895 12
 A14	780 912 12
 A15	780 967 12
 A16	780 1022 12
 A17	780 1060 12
 CheckBoxA18 724 1095


Page 10
 YourNames: 	 92 156
 YourSocSec#:	746 156

 B1_1_Text:	223 233
 B1_2_Text:	223 252
 B1_3_Text: 	223 270
 B1_4_Text: 	223 288
 B1_5_Text: 	223 306
 B1_6_Text: 	223 324
 B1_7_Text: 	223 343
 B1_8_Text:   	223 361
 B1_9_Text:	223 379
 B1_10_Text: 	223 398
 B1_11_Text: 	223 415
 B1_12_Text: 	223 434
 B1_13_Text: 	223 452
 B1_14_Text: 	223 471

 B1_1		779 233 12
 B1_2     	779 252 12
 B1_3    	779 270 12
 B1_4    	779 288 12
 B1_5    	779 306 12
 B1_6    	779 324 12
 B1_7    	779 343 12
 B1_8	   	779 361 12
 B1_9     	779 379 12
 B1_10    	779 398 12
 B1_11    	779 415 12
 B1_12    	779 434 12
 B1_13    	779 452 12
 B1_14    	779 471 12
 B2		779 490 12
 B3		779 525 12
 B4		779 560 12

 B5_1_Text: 	326 602
 B5_2_Text: 	223 620
 B5_3_Text: 	223 636
 B5_4_Text: 	223 656
 B5_5_Text: 	223 675
 B5_6_Text: 	223 692
 B5_7_Text: 	223 710
 B5_8_Text: 	223 728
 B5_9_Text: 	223 747
 B5_10_Text: 	223 765
 B5_11_Text: 	223 783
 B5_12_Text: 	223 800
 B5_13_Text: 	223 820
 B5_14_Text: 	223 838
 B5_15_Text: 	223 856
 B5_16_Text: 	223 876

 B5_1		779 602 12
 B5_2		779 620 12
 B5_3		779 638 12
 B5_4		779 656 12
 B5_5		779 675 12
 B5_6		779 692 12
 B5_7		779 710 12
 B5_8		779 728 12
 B5_9		779 747 12
 B5_10		779 765 12
 B5_11		779 783 12
 B5_12		779 800 12
 B5_13		779 820 12
 B5_14		779 838 12
 B5_15		779 856 12
 B5_16		779 876 12
 B6		779 911 12

 CkB7a_Y	822 1022
 CkB7a_N	856 1022
 CkB7aa_Y	822 1077
 CkB7aa_N	856 1077
 B7b		410 1117
 CkB8_Y		822 1150
 CkB8_N		856 1150


Optional_Page 11

 YourNames: 	135 142
 YourSocSec#:	492 142

 TxtColor: 0 0 0
 FontSz 16
 SchedB_Additional_form: 200 180
 FontSz 10
 TxtColor: 0 0 0.6

 Baddi_1_Text:	139 244
 Baddi_2_Text:	139 271
 Baddi_3_Text:	139 299
 Baddi_4_Text:	139 326
 Baddi_5_Text:	139 353
 Baddi_6_Text:	139 381
 Baddi_7_Text:	139 408
 Baddi_8_Text:	139 436
 Baddi_9_Text:	139 463
 Baddi_10_Text:	139 490
 Baddi_11_Text:	139 518
 Baddi_12_Text:	139 545
 Baddi_13_Text:	139 572
 Baddi_14_Text:	139 600
 Baddi_15_Text:	139 627
 Baddi_16_Text:	139 654
 Baddi_17_Text:	139 682
 Baddi_18_Text:	139 709
 Baddi_19_Text:	139 736
 Baddi_20_Text:	139 764
 Baddi_21_Text:	139 791
 Baddi_22_Text:	139 818
 Baddi_23_Text:	139 846
 Baddi_24_Text:	139 873
 Baddi_25_Text:	139 901
 Baddi_26_Text:	139 928
 Baddi_27_Text:	139 955
 Baddi_28_Text:	139 983
 Baddi_29_Text: 139 1010

 Baddi_1	650 244 12
 Baddi_2	650 271 12
 Baddi_3     650 299 12
 Baddi_4     650 326 12
 Baddi_5     650 353 12
 Baddi_6     650 381 12
 Baddi_7     650 408 12
 Baddi_8     650 436 12
 Baddi_9     650 463 12
 Baddi_10    650 490 12
 Baddi_11    650 518 12
 Baddi_12    650 545 12
 Baddi_13    650 572 12
 Baddi_14    650 600 12
 Baddi_15    650 627 12
 Baddi_16    650 654 12
 Baddi_17    650 682 12
 Baddi_18    650 709 12
 Baddi_19    650 736 12
 Baddi_20    650 764 12
 Baddi_21    650 791 12
 Baddi_22    650 818 12
 Baddi_23    650 846 12
 Baddi_24    650 873 12
 Baddi_25    650 901 12
 Baddi_26    650 928 12
 Baddi_27    650 955 12
 Baddi_28    650 983 12
 Baddi_29    650 1010 12
 Btotal	     650 1036 12


Optional_Page 12
 YourNames: 	 92 174
 YourSocSec#:	736 174
 CkDisposeQualOpport_Y 616 195
 CkDisposeQualOpport_N 681 195

 no_zero_entries
 D1ad 	443 351 12
 D1ae 	551 351 12
 D1ah 	771 351 12
 D1bd 	443 451 12
 D1be 	551 451 12
 D1bg 	661 451 12
 D1bh 	771 451 12
 D2d 	443 490 12
 D2e 	551 490 12
 D2g 	661 490 12
 D2h 	771 490 12
 D3d 	443 525 12
 D3e 	551 525 12
 D3g 	661 525 12
 D3h 	771 525 12
 D4	771 547 12
 D5	771 581 12
 D6	771 620 12
 D7	771 656 12
 D8ad	443 834 12
 D8ae	551 834 12
 D8ah	771 834 12
 D8bd	443 893 12
 D8be	551 893 12
 D8bg	661 893 12
 D8bh	771 893 12
 D9d	443 929 12
 D9e	551 929 12
 D9g	661 929 12
 D9h	771 929 12
 D10d	443 964 12
 D10e	551 964 12
 D10g	661 964 12
 D10h	771 964 12
 D11	771 1003 12 
 D12	771 1023 12 
 D13	771 1043 12 
 D14	771 1078 12 
 D15	771 1114 12 


Optional_Page 13
 no_zero_entries
 D16	751 138 12
 CkD17y 103 324
 CkD17n 103 343
 D18	751 398 12
 D19	751 453 12
 CkD20y 103 508
 CkD20n 103 563
 D21	751 656 12
 CkD22y 103 784
 CkD22n 103 838


Optional_Page 14

 YourNames: 	 90 158
 YourSocSec#:	580 158

 F8949_ckA	78 378
 F8949_ckB	78 398
 F8949_ckC	78 416

 FontSz 8
 F8949_1aa:	 70 562
 F8949_1ab:	268 562 10
 F8949_1ac:	347 562 10
 F8949_1ad	432 562 12
 F8949_1ae	528 562 12
 F8949_1af	616 562 6
 F8949_1ag	694 562 12
 F8949_1ah	790 562 12

 F8949_1ba:	 70 600
 F8949_1bb:	268 600 10
 F8949_1bc:	347 600 10
 F8949_1bd	432 600 12
 F8949_1be	528 600 12
 F8949_1bf	616 600 6
 F8949_1bg	694 600 12
 F8949_1bh	790 600 12

 F8949_1ca:	 70  636
 F8949_1cb:	268 636 10
 F8949_1cc:	347 636 10
 F8949_1cd	432 636 12
 F8949_1ce	528 636 12
 F8949_1cf	616 636 6
 F8949_1cg	694 636 12
 F8949_1ch	790 636 12

 F8949_1da:	 70 673
 F8949_1db:	268 673 10
 F8949_1dc:	347 673 10
 F8949_1dd	432 673 12
 F8949_1de	528 673 12
 F8949_1df	616 673 6
 F8949_1dg	694 673 12
 F8949_1dh	790 673 12

 F8949_1ea:	 70 711
 F8949_1eb:	268 711 10
 F8949_1ec:	347 711 10
 F8949_1ed	432 711 12
 F8949_1ee	528 711 12
 F8949_1ef	616 711 6
 F8949_1eg	694 711 12
 F8949_1eh	790 711 12

 F8949_1fa:	 70 747
 F8949_1fb:	268 747 10
 F8949_1fc:	347 747 10
 F8949_1fd	432 747 12
 F8949_1fe	528 747 12
 F8949_1ff	616 747 6
 F8949_1fg	694 747 12
 F8949_1fh	790 747 12

 F8949_1ga:	 70 784
 F8949_1gb:	268 784 10
 F8949_1gc:	347 784 10
 F8949_1gd	432 784 12
 F8949_1ge	528 784 12
 F8949_1gf	616 784 6
 F8949_1gg	694 784 12
 F8949_1gh	790 784 12

 F8949_1ha:	 70 820
 F8949_1hb:	268 820 10
 F8949_1hc:	347 820 10
 F8949_1hd	432 820 12
 F8949_1he	528 820 12
 F8949_1hf	616 820 6
 F8949_1hg	694 820 12
 F8949_1hh	790 820 12

 F8949_1ia:	 70 856
 F8949_1ib:	268 856 10
 F8949_1ic:	347 856 10
 F8949_1id	432 856 12
 F8949_1ie	528 856 12
 F8949_1if	616 856 6
 F8949_1ig	694 856 12
 F8949_1ih	790 856 12

 F8949_1ja:	 70 893
 F8949_1jb:	268 893 10
 F8949_1jc:	347 893 10
 F8949_1jd	432 893 12
 F8949_1je	528 893 12
 F8949_1jf	616 893 6
 F8949_1jg	694 893 12
 F8949_1jh	790 893 12

 F8949_1ka:	 70 930
 F8949_1kb:	268 930 10
 F8949_1kc:	347 930 10
 F8949_1kd	432 930 12
 F8949_1ke	528 930 12
 F8949_1kf	616 930 6
 F8949_1kg	694 930 12
 F8949_1kh	790 930 12

 F8949_1la:	 70 966
 F8949_1lb:	268 966 10
 F8949_1lc:	347 966 10
 F8949_1ld	432 966 12
 F8949_1le	528 966 12
 F8949_1lf	616 966 6
 F8949_1lg	694 966 12
 F8949_1lh	790 966 12

 F8949_1ma:	 70 1004
 F8949_1mb:	268 1004 10
 F8949_1mc:	347 1004 10
 F8949_1md	432 1004 12
 F8949_1me	528 1004 12
 F8949_1mf	616 1004 6
 F8949_1mg	694 1004 12
 F8949_1mh	790 1004 12

 F8949_1na:	 70 1040
 F8949_1nb:	268 1040 10
 F8949_1nc:	347 1040 10
 F8949_1nd	432 1040 12
 F8949_1ne	528 1040 12
 F8949_1nf	616 1040 6
 F8949_1ng	694 1040 12
 F8949_1nh	790 1040 12

 F8949_2d	432 1090 12
 F8949_2e	528 1090 12
 F8949_2g	694 1090 12
 F8949_2h	790 1090 12
 FontSz 10


Optional_Page 15

 YourNames: 	 90 102
 YourSocSec#:	580 102

 F8949_ckD	78 325
 F8949_ckE	78 343
 F8949_ckF	78 361

 FontSz 8
 F8949_1aa:	 70 504
 F8949_1ab:	268 504 10
 F8949_1ac:	347 504 10
 F8949_1ad	432 504 12
 F8949_1ae	528 504 12
 F8949_1af	616 504 6
 F8949_1ag	694 504 12
 F8949_1ah	790 504 12

 F8949_1ba:	 70 540
 F8949_1bb:	268 540 10
 F8949_1bc:	347 540 10
 F8949_1bd	432 540 12
 F8949_1be	528 540 12
 F8949_1bf	616 540 6
 F8949_1bg	694 540 12
 F8949_1bh	790 540 12

 F8949_1ca:	 70 576
 F8949_1cb:	268 576 10
 F8949_1cc:	347 576 10
 F8949_1cd	432 576 12
 F8949_1ce	528 576 12
 F8949_1cf	616 576 6
 F8949_1cg	694 576 12
 F8949_1ch	790 576 12

 F8949_1da:	 70 614
 F8949_1db:	268 614 10
 F8949_1dc:	347 614 10
 F8949_1dd	432 614 12
 F8949_1de	528 614 12
 F8949_1df	616 614 6
 F8949_1dg	694 614 12
 F8949_1dh	790 614 12

 F8949_1ea:	 70 650
 F8949_1eb:	268 650 10
 F8949_1ec:	347 650 10
 F8949_1ed	432 650 12
 F8949_1ee	528 650 12
 F8949_1ef	616 650 6
 F8949_1eg	694 650 12
 F8949_1eh	790 650 12

 F8949_1fa:	 70 686
 F8949_1fb:	268 686 10
 F8949_1fc:	347 686 10
 F8949_1fd	432 686 12
 F8949_1fe	528 686 12
 F8949_1ff	616 686 6
 F8949_1fg	694 686 12
 F8949_1fh	790 686 12

 F8949_1ga:	 70 722
 F8949_1gb:	268 722 10
 F8949_1gc:	347 722 10
 F8949_1gd	432 722 12
 F8949_1ge	528 722 12
 F8949_1gf	616 722 6
 F8949_1gg	694 722 12
 F8949_1gh	790 722 12

 F8949_1ha:	 70 759
 F8949_1hb:	268 759 10
 F8949_1hc:	347 759 10
 F8949_1hd	432 759 12
 F8949_1he	528 759 12
 F8949_1hf	616 750 6
 F8949_1hg	694 759 12
 F8949_1hh	790 759 12

 F8949_1ia:	 70 796
 F8949_1ib:	268 796 10
 F8949_1ic:	347 796 10
 F8949_1id	432 796 12
 F8949_1ie	528 796 12
 F8949_1if	616 796 6
 F8949_1ig	694 796 12
 F8949_1ih	790 796 12

 F8949_1ja:	 70 832
 F8949_1jb:	268 832 10
 F8949_1jc:	347 832 10
 F8949_1jd	432 832 12
 F8949_1je	528 832 12
 F8949_1jf	616 832 6
 F8949_1jg	694 832 12
 F8949_1jh	790 832 12

 F8949_1ka:	 70 868
 F8949_1kb:	268 868 10
 F8949_1kc:	347 868 10
 F8949_1kd	432 868 12
 F8949_1ke	528 868 12
 F8949_1kf	616 868 6
 F8949_1kg	694 868 12
 F8949_1kh	790 868 12

 F8949_1la:	 70 905
 F8949_1lb:	268 905 10
 F8949_1lc:	347 905 10
 F8949_1ld	432 905 12
 F8949_1le	528 905 12
 F8949_1lf	616 905 6
 F8949_1lg	694 905 12
 F8949_1lh	790 905 12

 F8949_1ma:	 70 943
 F8949_1mb:	268 943 10
 F8949_1mc:	347 943 10
 F8949_1md	432 943 12
 F8949_1me	528 943 12
 F8949_1mf	616 943 6
 F8949_1mg	694 943 12
 F8949_1mh	790 943 12

 F8949_1na:	 70 982
 F8949_1nb:	268 982 10
 F8949_1nc:	347 982 10
 F8949_1nd	432 982 12
 F8949_1ne	528 982 12
 F8949_1nf	616 982 6
 F8949_1ng	694 982 12
 F8949_1nh	790 982 12

 F8949_2d	432 1034 12
 F8949_2e	528 1034 12
 F8949_2g	694 1034 12
 F8949_2h	790 1034 12
 FontSz 10




Optional_Page 16
 YourNames: 	 92 155
 YourSocSec#:	736 155

 AMT_Form_6251_L1     767 235 12

 AMT_Form_6251_L2a    767 271 12
 AMT_Form_6251_L2b    767 290 12
 AMT_Form_6251_L2c    767 307 12
 AMT_Form_6251_L2d    767 327 12
 AMT_Form_6251_L2e    767 346 12
 AMT_Form_6251_L2f    767 363 12
 AMT_Form_6251_L2g    767 381 12
 AMT_Form_6251_L2h    767 400 12
 AMT_Form_6251_L2i    767 418 12
 AMT_Form_6251_L2j    767 435 12
 AMT_Form_6251_L2k    767 455 12
 AMT_Form_6251_L2l    767 472 12
 AMT_Form_6251_L2m    767 490 12
 AMT_Form_6251_L2n    767 510 12
 AMT_Form_6251_L2o    767 528 12
 AMT_Form_6251_L2p    767 545 12
 AMT_Form_6251_L2q    767 564 12
 AMT_Form_6251_L2r    767 583 12
 AMT_Form_6251_L2s    767 602 12
 AMT_Form_6251_L2t    767 620 12

 AMT_Form_6251_L3     767 639 12
 AMT_Form_6251_L4     767 674 12
 AMT_Form_6251_L5     767 785 12
 showevenifzero AMT_Form_6251_L6
 AMT_Form_6251_L6     767 839 12
 AMT_Form_6251_L7     767 913 12
 AMT_Form_6251_L8     767 1005 12
 AMT_Form_6251_L9     767 1023 12
 AMT_Form_6251_L10    767 1114 12
 showevenifzero AMT_Form_6251_L11
 AMT_Form_6251_L11    767 1132 12

Optional_Page 17

 AMT_Form_6251_L12    767 140 12
 AMT_Form_6251_L13    767 214 12
 AMT_Form_6251_L14    767 252 12
 AMT_Form_6251_L15    767 324 12
 AMT_Form_6251_L16    767 343 12
 AMT_Form_6251_L17    767 362 12
 AMT_Form_6251_L18    767 398 12
 AMT_Form_6251_L19    767 453 12
 showevenifzero AMT_Form_6251_L20
 AMT_Form_6251_L20    767 544 12
 showevenifzero AMT_Form_6251_L21
 AMT_Form_6251_L21    767 563 12
 AMT_Form_6251_L22    767 581 12
 AMT_Form_6251_L23    767 601 12
 AMT_Form_6251_L24    767 618 12
 AMT_Form_6251_L25    767 672 12
 AMT_Form_6251_L26    767 727 12
 showevenifzero AMT_Form_6251_L27
 AMT_Form_6251_L27	767 800 12
 AMT_Form_6251_L28	767 820 12
 AMT_Form_6251_L29	767 839 12
 AMT_Form_6251_L30	767 858 12
 showevenifzero AMT_Form_6251_L29
 AMT_Form_6251_L31	767 876 12
 AMT_Form_6251_L32	767 895 12
 AMT_Form_6251_L33	767 929 12
 AMT_Form_6251_L34 	767 948 12
 AMT_Form_6251_L35	767 985 12
 AMT_Form_6251_L36	767 1003 12
 AMT_Form_6251_L37	767 1020 12
 AMT_Form_6251_L38	767 1041 12
 AMT_Form_6251_L39 	767 1075 12
 AMT_Form_6251_L40 	767 1111 12

